,Round,PlayerName,Group,Bonus,Result
0,0,tram,--,--,100
1,1_1,tram,660,20,120
2,1_2,tram,750,20,140
3,1_3,tram,660,20,160
4,1_4,tram,750,20,180
5,1_5,tram,750,20,200
6,1_6,tram,660,20,220
7,2_1,tram,732,2,222
8,2_2,tram,552,1,223
9,2_3,tram,552,1,224
10,2_4,tram,651,1,225
11,2_5,tram,642,1,226
12,2_6,tram,633,1,227
13,3_1,tram,444,1,228
14,3_2,tram,642,1,229
15,3_3,tram,642,1,230
16,3_4,tram,633,1,231
17,3_5,tram,633,1,232
18,3_6,tram,633,1,233
19,4_1,tram,543,-5,228
20,4_2,tram,543,-5,223
21,4_3,tram,543,-5,218
22,4_4,tram,543,-5,213
23,4_5,tram,543,-5,208
24,4_6,tram,543,-5,203
25,5_1,tram,543,-5,198
26,5_2,tram,543,-5,193
27,5_3,tram,543,-5,188
28,5_4,tram,543,-5,183
29,5_5,tram,543,-5,178
30,5_6,tram,543,-5,173
31,6_1,tram,543,-5,168
32,6_2,tram,633,1,169
33,6_3,tram,543,-5,164
34,6_4,tram,444,1,165
35,6_5,tram,543,-5,160
36,6_6,tram,642,1,161
37,7_1,tram,543,-5,156
38,7_2,tram,642,1,157
39,7_3,tram,543,-5,152
40,7_4,tram,543,-5,147
41,7_5,tram,552,1,148
42,7_6,tram,543,-5,143
43,8_1,tram,444,1,144
44,8_2,tram,543,-5,139
45,8_3,tram,552,1,140
46,8_4,tram,642,1,141
47,8_5,tram,543,-5,136
48,8_6,tram,543,-5,131
49,9_1,tram,444,1,132
50,9_2,tram,543,-5,127
51,9_3,tram,543,-5,122
52,9_4,tram,543,-5,117
53,9_5,tram,543,-5,112
54,9_6,tram,543,-5,107
55,10_1,tram,543,-5,102
56,10_2,tram,543,-5,97
57,10_3,tram,543,-5,92
58,10_4,tram,552,1,93
59,10_5,tram,633,1,94
60,10_6,tram,444,1,95
61,11_1,tram,822,10,105
62,11_2,tram,822,10,115
63,11_3,tram,831,10,125
64,11_4,tram,822,10,135
65,11_5,tram,660,20,155
66,11_6,tram,822,10,165
67,12_1,tram,552,1,166
68,12_2,tram,552,1,167
69,12_3,tram,642,1,168
70,12_4,tram,651,1,169
71,12_5,tram,732,2,171
72,12_6,tram,642,1,172
73,13_1,tram,651,1,173
74,13_2,tram,633,1,174
75,13_3,tram,651,1,175
76,13_4,tram,633,1,176
77,13_5,tram,642,1,177
78,13_6,tram,633,1,178
79,14_1,tram,543,-5,173
80,14_2,tram,543,-5,168
81,14_3,tram,543,-5,163
82,14_4,tram,543,-5,158
83,14_5,tram,543,-5,153
84,14_6,tram,543,-5,148
85,15_1,tram,543,-5,143
86,15_2,tram,543,-5,138
87,15_3,tram,543,-5,133
88,15_4,tram,543,-5,128
89,15_5,tram,543,-5,123
90,15_6,tram,543,-5,118
91,16_1,tram,642,1,119
92,16_2,tram,543,-5,114
93,16_3,tram,642,1,115
94,16_4,tram,651,1,116
95,16_5,tram,633,1,117
96,16_6,tram,543,-5,112
97,17_1,tram,552,1,113
98,17_2,tram,543,-5,108
99,17_3,tram,633,1,109
100,17_4,tram,444,1,110
101,17_5,tram,552,1,111
102,17_6,tram,543,-5,106
103,18_1,tram,543,-5,101
104,18_2,tram,552,1,102
105,18_3,tram,543,-5,97
106,18_4,tram,633,1,98
107,18_5,tram,543,-5,93
108,18_6,tram,444,1,94
109,19_1,tram,444,1,95
110,19_2,tram,444,1,96
111,19_3,tram,732,2,98
112,19_4,tram,543,-5,93
113,19_5,tram,633,1,94
114,19_6,tram,543,-5,89
115,20_1,tram,543,-5,84
116,20_2,tram,543,-5,79
117,20_3,tram,642,1,80
118,20_4,tram,543,-5,75
119,20_5,tram,543,-5,70
120,20_6,tram,543,-5,65
121,21_1,tram,543,-5,60
122,21_2,tram,552,1,61
123,21_3,tram,543,-5,56
124,21_4,tram,633,1,57
125,21_5,tram,543,-5,52
126,21_6,tram,543,-5,47
127,22_1,tram,750,20,67
128,22_2,tram,840,50,117
129,22_3,tram,831,10,127
130,22_4,tram,831,10,137
131,22_5,tram,840,50,187
132,22_6,tram,750,20,207
133,23_1,tram,543,-5,202
134,23_2,tram,543,-5,197
135,23_3,tram,543,-5,192
136,23_4,tram,543,-5,187
137,23_5,tram,543,-5,182
138,23_6,tram,543,-5,177
139,24_1,tram,543,-5,172
140,24_2,tram,543,-5,167
141,24_3,tram,543,-5,162
142,24_4,tram,543,-5,157
143,24_5,tram,543,-5,152
144,24_6,tram,543,-5,147
145,25_1,tram,444,1,148
146,25_2,tram,444,1,149
147,25_3,tram,543,-5,144
148,25_4,tram,552,1,145
149,25_5,tram,642,1,146
150,25_6,tram,642,1,147
151,26_1,tram,633,1,148
152,26_2,tram,633,1,149
153,26_3,tram,633,1,150
154,26_4,tram,444,1,151
155,26_5,tram,552,1,152
156,26_6,tram,642,1,153
157,27_1,tram,543,-5,148
158,27_2,tram,552,1,149
159,27_3,tram,642,1,150
160,27_4,tram,543,-5,145
161,27_5,tram,642,1,146
162,27_6,tram,543,-5,141
163,28_1,tram,543,-5,136
164,28_2,tram,732,2,138
165,28_3,tram,543,-5,133
166,28_4,tram,543,-5,128
167,28_5,tram,444,1,129
168,28_6,tram,444,1,130
169,29_1,tram,552,1,131
170,29_2,tram,642,1,132
171,29_3,tram,543,-5,127
172,29_4,tram,543,-5,122
173,29_5,tram,732,2,124
174,29_6,tram,633,1,125
175,30_1,tram,543,-5,120
176,30_2,tram,633,1,121
177,30_3,tram,552,1,122
178,30_4,tram,552,1,123
179,30_5,tram,543,-5,118
180,30_6,tram,642,1,119
181,31_1,tram,543,-5,114
182,31_2,tram,552,1,115
183,31_3,tram,552,1,116
184,31_4,tram,642,1,117
185,31_5,tram,552,1,118
186,31_6,tram,543,-5,113
187,32_1,tram,543,-5,108
188,32_2,tram,444,1,109
189,32_3,tram,543,-5,104
190,32_4,tram,543,-5,99
191,32_5,tram,543,-5,94
192,32_6,tram,543,-5,89
193,33_1,tram,651,1,90
194,33_2,tram,543,-5,85
195,33_3,tram,732,2,87
196,33_4,tram,633,1,88
197,33_5,tram,543,-5,83
198,33_6,tram,543,-5,78
199,34_1,tram,444,1,79
200,34_2,tram,444,1,80
201,34_3,tram,642,1,81
202,34_4,tram,552,1,82
203,34_5,tram,543,-5,77
204,34_6,tram,543,-5,72
205,35_1,tram,543,-5,67
206,35_2,tram,543,-5,62
207,35_3,tram,642,1,63
208,35_4,tram,543,-5,58
209,35_5,tram,651,1,59
210,35_6,tram,543,-5,54
